1 41.86296477878102 6 
6 38.426226919273745 10 11 
10 60.535864317859875 14 15 
14 64.86705277977642 19 20 
19 34.8810268637024 32 
32 29.112704192610543 39 40 
39 35.091256615123 44 45 
44 43.17804175243708 50 51 
50 35.128063442349315 56 
56 63.454655447716846 
51 39.9514118186903 56 
45 60.52884784106567 56 
40 74.69719427591087 46 
46 59.1369549726026 52 
52 45.896456094808684 56 
20 53.97147892874614 26 
26 72.17943680700984 33 
33 57.582209837333735 41 
41 57.34595033111759 47 48 
47 50.84629285344619 53 
53 34.1813514606012 56 
48 43.940034004962456 53 
15 34.03679899448388 21 
21 49.728293104664374 26 
11 71.31976583698908 16 
16 45.066283282690165 21 
2 34.51909677636934 6 
3 47.8717325433081 7 
7 40.59656256729511 12 
12 64.05749420885144 16 
4 14.801640229771671 7 
5 39.49520512563737 8 9 
8 39.722005318142024 12 
9 23.406555874859976 13 
13 54.02797128239115 17 18 
17 29.88558347124865 22 23 
22 54.183087393884435 27 
27 62.90771301094708 33 
23 51.86609575636112 27 
18 25.34180602772654 24 25 
24 60.813783912675206 28 29 
28 63.14526987799866 34 35 
34 50.794606419617025 41 
35 56.18273441235843 42 
42 34.7676358650574 49 
49 19.10896221968983 54 
54 42.53639245190442 56 
29 51.6419020318482 36 37 
36 15.448216857716979 43 
43 66.02271848932837 49 
37 55.159811766856706 43 
25 64.49051086409625 30 31 
30 54.68831735172046 38 
38 53.805167200384005 55 
55 27.61929682587919 56 
31 46.27258468529817 38 
