1 44.31809421763489 6 7 
6 44.322463321831265 10 11 
10 53.824148368163094 16 
16 45.343828611247545 18 19 
18 32.77383632896903 26 
26 72.17943680700984 36 37 
36 25.168198576984686 48 
48 38.2751532002149 57 
57 61.76238117265331 
37 50.89459555181179 49 50 
49 22.30022457310156 57 
50 38.28874606694754 57 
19 34.868502392466496 26 
11 68.21086440496835 16 
7 34.16225844621408 12 
12 61.53963119565418 17 
17 27.743376203101775 20 21 
20 52.850831871987225 27 
27 62.90771301094708 38 
38 55.259517419673614 51 
51 39.87529565892686 57 
21 49.60929187420909 27 
2 47.24550481586789 8 
8 44.653292662277195 13 
13 58.45807224393127 17 
3 42.29461665222232 8 
4 8.21392643627977 9 
9 26.730590561683982 14 15 
14 62.92813973197717 22 23 
22 50.12287305309144 28 29 
28 63.14526987799866 38 
29 51.6419020318482 39 40 
39 31.58208747514024 51 
40 76.77253108719299 52 
52 49.128603935435535 57 
23 58.59660250236857 30 31 
30 54.68831735172046 41 42 
41 57.20602437800153 53 
53 25.103003515283504 57 
42 38.67444901744648 53 
31 46.27258468529817 43 
43 63.49109380428111 54 
54 55.34937732020268 57 
15 35.53736695936845 24 25 
24 58.59777722742621 32 33 
32 35.41103414550971 43 
33 57.785103751289526 44 45 
44 47.970688275737245 54 
45 43.73276163413351 55 
55 33.3283325969731 57 
25 65.91077138306687 34 35 
34 51.8105986258837 46 
46 77.3476204017188 55 
35 53.325605000201364 47 
47 47.48974119262687 56 
56 46.254419757804044 57 
5 40.92849638308394 9 
