1 64.94445178672038 3 
3 31.18561456049136 4 5 
4 58.192785988174904 6 
6 46.20974080120135 7 8 
7 44.26129793857079 9 
9 31.751404625458974 10 11 
10 53.27583536944182 12 
12 42.638842044931096 13 14 
13 49.440251190849835 15 
15 50.292284742430695 16 17 
16 48.99701757060484 18 19 
18 61.61312916494744 21 
21 45.0954889175771 23 
23 62.38931710771311 
19 39.198795556439165 21 
17 53.47363098199583 20 
20 29.197293125090198 22 
22 39.718637954233884 23 
14 71.43438035522178 15 
11 64.57919580474268 12 
8 40.78700306231468 9 
5 64.52641319079987 6 
2 53.395582310073735 3 
