1 47.9000765841937 5 
5 40.44774191938842 10 11 
10 59.062683380719534 17 18 
17 27.743376203101775 30 31 
30 57.97145792952392 40 41 
40 80.91736189041455 65 
65 39.6983786284045 
41 57.94469525308614 53 54 
53 27.849015672391957 65 
54 56.569050453225884 65 
31 52.12869579945476 42 43 
42 40.51233513500392 55 56 
55 32.6064531658281 65 
56 50.48591288744717 65 
43 63.49109380428111 57 
57 57.57082494285857 65 
18 30.62634103937217 44 45 
44 47.970688275737245 57 
45 43.73276163413351 58 
58 64.31837002993873 65 
11 67.62627082065116 19 20 
19 37.77278791310806 32 33 
32 26.83502917567008 46 
46 77.3476204017188 58 
33 60.77742322343347 47 
47 47.48974119262687 59 
59 34.94320857337925 65 
20 50.12538620620262 47 
2 48.39972443313286 6 7 
6 40.35814589760662 12 
12 64.4828785736317 21 22 
21 52.72818855006136 34 35 
34 51.98033891213072 48 
48 40.22681228204334 59 
35 49.943585187867825 48 
22 47.682526467804465 36 
36 27.602681048733366 49 
49 22.044335296637882 60 
60 51.62131499043468 65 
7 37.52339792437965 13 
13 56.242183437067865 23 24 
23 58.31967084817052 36 
24 64.23089060441583 37 
37 49.81442969741124 49 
3 41.2658368710089 13 
4 6.477409559094021 8 9 
8 41.42147560577975 14 15 
14 65.07064593711156 25 26 
25 64.48937137657097 37 
26 74.71542524017167 38 
38 51.097879668178905 50 51 
50 38.28874606694754 65 
51 36.68437718942499 61 62 
61 59.99827263124253 65 
62 24.04079442817931 65 
15 34.486538409995084 27 28 
27 51.81273097663677 38 
28 66.1974030643313 39 
39 31.58208747514024 52 
52 47.06337059942882 63 64 
63 30.19655065513149 65 
64 65.23834476628664 65 
9 25.57039178216627 16 
16 45.343828611247545 29 
29 51.673674806159404 39 
